areaType,areaName,areaCode,date,newCasesBySpecimenDate,cumCasesBySpecimenDate
overview,United Kingdom,K02000001,2021-02-04,14140,3926869
overview,United Kingdom,K02000001,2021-02-03,18766,3912729
overview,United Kingdom,K02000001,2021-02-02,19558,3893963
overview,United Kingdom,K02000001,2021-02-01,21798,3874405
overview,United Kingdom,K02000001,2021-01-31,15400,3852607
overview,United Kingdom,K02000001,2021-01-30,16656,3837207
overview,United Kingdom,K02000001,2021-01-29,21808,3820551
overview,United Kingdom,K02000001,2021-01-28,24056,3798743
overview,United Kingdom,K02000001,2021-01-27,25708,3774687
overview,United Kingdom,K02000001,2021-01-26,27028,3748979
overview,United Kingdom,K02000001,2021-01-25,29878,3721951
overview,United Kingdom,K02000001,2021-01-24,17189,3692073
overview,United Kingdom,K02000001,2021-01-23,21841,3674884
overview,United Kingdom,K02000001,2021-01-22,29594,3653043
overview,United Kingdom,K02000001,2021-01-21,31724,3623449
overview,United Kingdom,K02000001,2021-01-20,35139,3591725
overview,United Kingdom,K02000001,2021-01-19,39520,3556586
overview,United Kingdom,K02000001,2021-01-18,44838,3517066
overview,United Kingdom,K02000001,2021-01-17,28876,3472228
overview,United Kingdom,K02000001,2021-01-16,30553,3443352
overview,United Kingdom,K02000001,2021-01-15,40430,3412799
overview,United Kingdom,K02000001,2021-01-14,42413,3372369
overview,United Kingdom,K02000001,2021-01-13,45432,3329956
overview,United Kingdom,K02000001,2021-01-12,49438,3284524
overview,United Kingdom,K02000001,2021-01-11,57185,3235086
overview,United Kingdom,K02000001,2021-01-10,36355,3177901
overview,United Kingdom,K02000001,2021-01-09,39082,3141546
overview,United Kingdom,K02000001,2021-01-08,47015,3102464
overview,United Kingdom,K02000001,2021-01-07,51958,3055449
overview,United Kingdom,K02000001,2021-01-06,57409,3003491
overview,United Kingdom,K02000001,2021-01-05,65146,2946082
overview,United Kingdom,K02000001,2021-01-04,76147,2880936
overview,United Kingdom,K02000001,2021-01-03,55188,2804789
overview,United Kingdom,K02000001,2021-01-02,60425,2749601
overview,United Kingdom,K02000001,2021-01-01,31841,2689176
overview,United Kingdom,K02000001,2020-12-31,52793,2657335
overview,United Kingdom,K02000001,2020-12-30,70817,2604542
overview,United Kingdom,K02000001,2020-12-29,81551,2533725
overview,United Kingdom,K02000001,2020-12-28,45603,2452174
overview,United Kingdom,K02000001,2020-12-27,47748,2406571
overview,United Kingdom,K02000001,2020-12-26,40361,2358823
overview,United Kingdom,K02000001,2020-12-25,14179,2318462
overview,United Kingdom,K02000001,2020-12-24,31843,2304283
overview,United Kingdom,K02000001,2020-12-23,42281,2272440
overview,United Kingdom,K02000001,2020-12-22,45684,2230159
overview,United Kingdom,K02000001,2020-12-21,47400,2184475
overview,United Kingdom,K02000001,2020-12-20,32473,2137075
overview,United Kingdom,K02000001,2020-12-19,25154,2104602
overview,United Kingdom,K02000001,2020-12-18,35850,2079448
overview,United Kingdom,K02000001,2020-12-17,33895,2043598
overview,United Kingdom,K02000001,2020-12-16,34936,2009703
overview,United Kingdom,K02000001,2020-12-15,33874,1974767
overview,United Kingdom,K02000001,2020-12-14,34727,1940893
overview,United Kingdom,K02000001,2020-12-13,21989,1906166
overview,United Kingdom,K02000001,2020-12-12,19367,1884177
overview,United Kingdom,K02000001,2020-12-11,24088,1864810
overview,United Kingdom,K02000001,2020-12-10,22628,1840722
overview,United Kingdom,K02000001,2020-12-09,21650,1818094
overview,United Kingdom,K02000001,2020-12-08,20799,1796444
overview,United Kingdom,K02000001,2020-12-07,21346,1775645
overview,United Kingdom,K02000001,2020-12-06,13608,1754299
overview,United Kingdom,K02000001,2020-12-05,12777,1740691
overview,United Kingdom,K02000001,2020-12-04,15689,1727914
overview,United Kingdom,K02000001,2020-12-03,15655,1712225
overview,United Kingdom,K02000001,2020-12-02,16457,1696570
overview,United Kingdom,K02000001,2020-12-01,16458,1680113
overview,United Kingdom,K02000001,2020-11-30,18036,1663655
overview,United Kingdom,K02000001,2020-11-29,10691,1645619
overview,United Kingdom,K02000001,2020-11-28,10958,1634928
overview,United Kingdom,K02000001,2020-11-27,14375,1623970
overview,United Kingdom,K02000001,2020-11-26,14570,1609595
overview,United Kingdom,K02000001,2020-11-25,16619,1595025
overview,United Kingdom,K02000001,2020-11-24,16461,1578406
overview,United Kingdom,K02000001,2020-11-23,18770,1561945
overview,United Kingdom,K02000001,2020-11-22,11740,1543175
overview,United Kingdom,K02000001,2020-11-21,12359,1531435
overview,United Kingdom,K02000001,2020-11-20,16866,1519076
overview,United Kingdom,K02000001,2020-11-19,17763,1502210
overview,United Kingdom,K02000001,2020-11-18,20772,1484447
overview,United Kingdom,K02000001,2020-11-17,23200,1463675
overview,United Kingdom,K02000001,2020-11-16,26598,1440475
overview,United Kingdom,K02000001,2020-11-15,16051,1413877
overview,United Kingdom,K02000001,2020-11-14,18028,1397826
overview,United Kingdom,K02000001,2020-11-13,24069,1379798
overview,United Kingdom,K02000001,2020-11-12,24496,1355729
overview,United Kingdom,K02000001,2020-11-11,27370,1331233
overview,United Kingdom,K02000001,2020-11-10,27433,1303863
overview,United Kingdom,K02000001,2020-11-09,31057,1276430
overview,United Kingdom,K02000001,2020-11-08,19965,1245373
overview,United Kingdom,K02000001,2020-11-07,18527,1225408
overview,United Kingdom,K02000001,2020-11-06,23325,1206881
overview,United Kingdom,K02000001,2020-11-05,23760,1183556
overview,United Kingdom,K02000001,2020-11-04,23680,1159796
overview,United Kingdom,K02000001,2020-11-03,25586,1136116
overview,United Kingdom,K02000001,2020-11-02,31506,1110530
overview,United Kingdom,K02000001,2020-11-01,15753,1079024
overview,United Kingdom,K02000001,2020-10-31,16485,1063271
overview,United Kingdom,K02000001,2020-10-30,22685,1046786
overview,United Kingdom,K02000001,2020-10-29,23349,1024101
overview,United Kingdom,K02000001,2020-10-28,23613,1000752
overview,United Kingdom,K02000001,2020-10-27,24108,977139
overview,United Kingdom,K02000001,2020-10-26,26549,953031
overview,United Kingdom,K02000001,2020-10-25,15729,926482
overview,United Kingdom,K02000001,2020-10-24,16236,910753
overview,United Kingdom,K02000001,2020-10-23,21483,894517
overview,United Kingdom,K02000001,2020-10-22,23248,873034
overview,United Kingdom,K02000001,2020-10-21,25462,849786
overview,United Kingdom,K02000001,2020-10-20,25318,824324
overview,United Kingdom,K02000001,2020-10-19,25628,799006
overview,United Kingdom,K02000001,2020-10-18,14193,773378
overview,United Kingdom,K02000001,2020-10-17,14773,759185
overview,United Kingdom,K02000001,2020-10-16,17726,744412
overview,United Kingdom,K02000001,2020-10-15,18442,726686
overview,United Kingdom,K02000001,2020-10-14,19712,708244
overview,United Kingdom,K02000001,2020-10-13,18909,688532
overview,United Kingdom,K02000001,2020-10-12,19451,669623
overview,United Kingdom,K02000001,2020-10-11,12079,650172
overview,United Kingdom,K02000001,2020-10-10,12517,638093
overview,United Kingdom,K02000001,2020-10-09,15736,625576
overview,United Kingdom,K02000001,2020-10-08,18257,609840
overview,United Kingdom,K02000001,2020-10-07,18335,591583
overview,United Kingdom,K02000001,2020-10-06,17072,573248
overview,United Kingdom,K02000001,2020-10-05,16556,556176
overview,United Kingdom,K02000001,2020-10-04,11805,539620
overview,United Kingdom,K02000001,2020-10-03,11549,527815
overview,United Kingdom,K02000001,2020-10-02,13696,516266
overview,United Kingdom,K02000001,2020-10-01,13191,502570
overview,United Kingdom,K02000001,2020-09-30,12558,489379
overview,United Kingdom,K02000001,2020-09-29,10243,476821
overview,United Kingdom,K02000001,2020-09-28,9929,466578
overview,United Kingdom,K02000001,2020-09-27,6974,456649
overview,United Kingdom,K02000001,2020-09-26,6762,449675
overview,United Kingdom,K02000001,2020-09-25,7253,442913
overview,United Kingdom,K02000001,2020-09-24,7609,435660
overview,United Kingdom,K02000001,2020-09-23,7061,428051
overview,United Kingdom,K02000001,2020-09-22,6408,420990
overview,United Kingdom,K02000001,2020-09-21,5603,414582
overview,United Kingdom,K02000001,2020-09-20,5323,408979
overview,United Kingdom,K02000001,2020-09-19,4859,403656
overview,United Kingdom,K02000001,2020-09-18,4960,398797
overview,United Kingdom,K02000001,2020-09-17,4634,393837
overview,United Kingdom,K02000001,2020-09-16,4368,389203
overview,United Kingdom,K02000001,2020-09-15,3554,384835
overview,United Kingdom,K02000001,2020-09-14,3396,381281
overview,United Kingdom,K02000001,2020-09-13,2146,377885
overview,United Kingdom,K02000001,2020-09-12,2673,375739
overview,United Kingdom,K02000001,2020-09-11,3293,373066
overview,United Kingdom,K02000001,2020-09-10,3594,369773
overview,United Kingdom,K02000001,2020-09-09,3331,366179
overview,United Kingdom,K02000001,2020-09-08,3308,362848
overview,United Kingdom,K02000001,2020-09-07,3861,359540
overview,United Kingdom,K02000001,2020-09-06,2450,355679
overview,United Kingdom,K02000001,2020-09-05,2545,353229
overview,United Kingdom,K02000001,2020-09-04,3039,350684
overview,United Kingdom,K02000001,2020-09-03,3100,347645
overview,United Kingdom,K02000001,2020-09-02,2994,344545
overview,United Kingdom,K02000001,2020-09-01,2249,341551
overview,United Kingdom,K02000001,2020-08-31,1501,339302
overview,United Kingdom,K02000001,2020-08-30,1160,337801
overview,United Kingdom,K02000001,2020-08-29,1222,336641
overview,United Kingdom,K02000001,2020-08-28,1626,335419
overview,United Kingdom,K02000001,2020-08-27,1550,333793
overview,United Kingdom,K02000001,2020-08-26,1351,332243
overview,United Kingdom,K02000001,2020-08-25,1246,330892
overview,United Kingdom,K02000001,2020-08-24,1271,329646
overview,United Kingdom,K02000001,2020-08-23,824,328375
overview,United Kingdom,K02000001,2020-08-22,827,327551
overview,United Kingdom,K02000001,2020-08-21,1199,326724
overview,United Kingdom,K02000001,2020-08-20,1462,325525
overview,United Kingdom,K02000001,2020-08-19,1240,324063
overview,United Kingdom,K02000001,2020-08-18,1084,322823
overview,United Kingdom,K02000001,2020-08-17,1284,321739
overview,United Kingdom,K02000001,2020-08-16,599,320455
overview,United Kingdom,K02000001,2020-08-15,696,319856
overview,United Kingdom,K02000001,2020-08-14,1160,319160
overview,United Kingdom,K02000001,2020-08-13,1145,318000
overview,United Kingdom,K02000001,2020-08-12,1208,316855
overview,United Kingdom,K02000001,2020-08-11,1339,315647
overview,United Kingdom,K02000001,2020-08-10,1472,314308
overview,United Kingdom,K02000001,2020-08-09,616,312836
overview,United Kingdom,K02000001,2020-08-08,695,312220
overview,United Kingdom,K02000001,2020-08-07,944,311525
overview,United Kingdom,K02000001,2020-08-06,1083,310581
overview,United Kingdom,K02000001,2020-08-05,1059,309498
overview,United Kingdom,K02000001,2020-08-04,1018,308439
overview,United Kingdom,K02000001,2020-08-03,1039,307421
overview,United Kingdom,K02000001,2020-08-02,554,306382
overview,United Kingdom,K02000001,2020-08-01,542,305828
overview,United Kingdom,K02000001,2020-07-31,674,305286
overview,United Kingdom,K02000001,2020-07-30,924,304612
overview,United Kingdom,K02000001,2020-07-29,1038,303688
overview,United Kingdom,K02000001,2020-07-28,843,302650
overview,United Kingdom,K02000001,2020-07-27,858,301807
overview,United Kingdom,K02000001,2020-07-26,558,300949
overview,United Kingdom,K02000001,2020-07-25,523,300391
overview,United Kingdom,K02000001,2020-07-24,767,299868
overview,United Kingdom,K02000001,2020-07-23,799,299101
overview,United Kingdom,K02000001,2020-07-22,799,298302
overview,United Kingdom,K02000001,2020-07-21,782,297503
overview,United Kingdom,K02000001,2020-07-20,813,296721
overview,United Kingdom,K02000001,2020-07-19,444,295908
overview,United Kingdom,K02000001,2020-07-18,499,295464
overview,United Kingdom,K02000001,2020-07-17,580,294965
overview,United Kingdom,K02000001,2020-07-16,705,294385
overview,United Kingdom,K02000001,2020-07-15,773,293680
overview,United Kingdom,K02000001,2020-07-14,692,292907
overview,United Kingdom,K02000001,2020-07-13,733,292215
overview,United Kingdom,K02000001,2020-07-12,368,291482
overview,United Kingdom,K02000001,2020-07-11,446,291114
overview,United Kingdom,K02000001,2020-07-10,563,290668
overview,United Kingdom,K02000001,2020-07-09,715,290105
overview,United Kingdom,K02000001,2020-07-08,703,289390
overview,United Kingdom,K02000001,2020-07-07,603,288687
overview,United Kingdom,K02000001,2020-07-06,708,288084
overview,United Kingdom,K02000001,2020-07-05,555,287376
overview,United Kingdom,K02000001,2020-07-04,400,286821
overview,United Kingdom,K02000001,2020-07-03,570,286421
overview,United Kingdom,K02000001,2020-07-02,603,285851
overview,United Kingdom,K02000001,2020-07-01,648,285248
overview,United Kingdom,K02000001,2020-06-30,615,284600
overview,United Kingdom,K02000001,2020-06-29,727,283985
overview,United Kingdom,K02000001,2020-06-28,447,283258
overview,United Kingdom,K02000001,2020-06-27,650,282811
overview,United Kingdom,K02000001,2020-06-26,671,282161
overview,United Kingdom,K02000001,2020-06-25,721,281490
overview,United Kingdom,K02000001,2020-06-24,777,280769
overview,United Kingdom,K02000001,2020-06-23,888,279992
overview,United Kingdom,K02000001,2020-06-22,893,279104
overview,United Kingdom,K02000001,2020-06-21,638,278211
overview,United Kingdom,K02000001,2020-06-20,685,277573
overview,United Kingdom,K02000001,2020-06-19,986,276888
overview,United Kingdom,K02000001,2020-06-18,1028,275902
overview,United Kingdom,K02000001,2020-06-17,1013,274874
overview,United Kingdom,K02000001,2020-06-16,1103,273861
overview,United Kingdom,K02000001,2020-06-15,1048,272758
overview,United Kingdom,K02000001,2020-06-14,820,271710
overview,United Kingdom,K02000001,2020-06-13,888,270890
overview,United Kingdom,K02000001,2020-06-12,1056,270002
overview,United Kingdom,K02000001,2020-06-11,1015,268946
overview,United Kingdom,K02000001,2020-06-10,1193,267931
overview,United Kingdom,K02000001,2020-06-09,1159,266738
overview,United Kingdom,K02000001,2020-06-08,1093,265579
overview,United Kingdom,K02000001,2020-06-07,720,264486
overview,United Kingdom,K02000001,2020-06-06,805,263766
overview,United Kingdom,K02000001,2020-06-05,1124,262961
overview,United Kingdom,K02000001,2020-06-04,1251,261837
overview,United Kingdom,K02000001,2020-06-03,1361,260586
overview,United Kingdom,K02000001,2020-06-02,1489,259225
overview,United Kingdom,K02000001,2020-06-01,1442,257736
overview,United Kingdom,K02000001,2020-05-31,1082,256294
overview,United Kingdom,K02000001,2020-05-30,1122,255212
overview,United Kingdom,K02000001,2020-05-29,1526,254090
overview,United Kingdom,K02000001,2020-05-28,1757,252564
overview,United Kingdom,K02000001,2020-05-27,1830,250807
overview,United Kingdom,K02000001,2020-05-26,1663,248977
overview,United Kingdom,K02000001,2020-05-25,1620,247314
overview,United Kingdom,K02000001,2020-05-24,1365,245694
overview,United Kingdom,K02000001,2020-05-23,1528,244329
overview,United Kingdom,K02000001,2020-05-22,2056,242801
overview,United Kingdom,K02000001,2020-05-21,2572,240745
overview,United Kingdom,K02000001,2020-05-20,2707,238173
overview,United Kingdom,K02000001,2020-05-19,3055,235466
overview,United Kingdom,K02000001,2020-05-18,2587,232411
overview,United Kingdom,K02000001,2020-05-17,1835,229824
overview,United Kingdom,K02000001,2020-05-16,2080,227989
overview,United Kingdom,K02000001,2020-05-15,2530,225909
overview,United Kingdom,K02000001,2020-05-14,2631,223379
overview,United Kingdom,K02000001,2020-05-13,3310,220748
overview,United Kingdom,K02000001,2020-05-12,3393,217438
overview,United Kingdom,K02000001,2020-05-11,3573,214045
overview,United Kingdom,K02000001,2020-05-10,2324,210472
overview,United Kingdom,K02000001,2020-05-09,2162,208148
overview,United Kingdom,K02000001,2020-05-08,3058,205986
overview,United Kingdom,K02000001,2020-05-07,3768,202928
overview,United Kingdom,K02000001,2020-05-06,3823,199160
overview,United Kingdom,K02000001,2020-05-05,3674,195337
overview,United Kingdom,K02000001,2020-05-04,3381,191663
overview,United Kingdom,K02000001,2020-05-03,2977,188282
overview,United Kingdom,K02000001,2020-05-02,3234,185305
overview,United Kingdom,K02000001,2020-05-01,4732,182071
overview,United Kingdom,K02000001,2020-04-30,4959,177339
overview,United Kingdom,K02000001,2020-04-29,5427,172380
overview,United Kingdom,K02000001,2020-04-28,4724,166953
overview,United Kingdom,K02000001,2020-04-27,4699,162229
overview,United Kingdom,K02000001,2020-04-26,3474,157530
overview,United Kingdom,K02000001,2020-04-25,3748,154056
overview,United Kingdom,K02000001,2020-04-24,4956,150308
overview,United Kingdom,K02000001,2020-04-23,5150,145352
overview,United Kingdom,K02000001,2020-04-22,5495,140202
overview,United Kingdom,K02000001,2020-04-21,4766,134707
overview,United Kingdom,K02000001,2020-04-20,4855,129941
overview,United Kingdom,K02000001,2020-04-19,3860,125086
overview,United Kingdom,K02000001,2020-04-18,4711,121226
overview,United Kingdom,K02000001,2020-04-17,4942,116515
overview,United Kingdom,K02000001,2020-04-16,5277,111573
overview,United Kingdom,K02000001,2020-04-15,5042,106296
overview,United Kingdom,K02000001,2020-04-14,4303,101254
overview,United Kingdom,K02000001,2020-04-13,4171,96951
overview,United Kingdom,K02000001,2020-04-12,3483,92780
overview,United Kingdom,K02000001,2020-04-11,3565,89297
overview,United Kingdom,K02000001,2020-04-10,4311,85732
overview,United Kingdom,K02000001,2020-04-09,4853,81421
overview,United Kingdom,K02000001,2020-04-08,5116,76568
overview,United Kingdom,K02000001,2020-04-07,5438,71452
overview,United Kingdom,K02000001,2020-04-06,5271,66014
overview,United Kingdom,K02000001,2020-04-05,3590,60743
overview,United Kingdom,K02000001,2020-04-04,4005,57153
overview,United Kingdom,K02000001,2020-04-03,4885,53148
overview,United Kingdom,K02000001,2020-04-02,4865,48263
overview,United Kingdom,K02000001,2020-04-01,4945,43398
overview,United Kingdom,K02000001,2020-03-31,4515,38453
overview,United Kingdom,K02000001,2020-03-30,4266,33938
overview,United Kingdom,K02000001,2020-03-29,2855,29672
overview,United Kingdom,K02000001,2020-03-28,2818,26817
overview,United Kingdom,K02000001,2020-03-27,3185,23999
overview,United Kingdom,K02000001,2020-03-26,3093,20814
overview,United Kingdom,K02000001,2020-03-25,2694,17721
overview,United Kingdom,K02000001,2020-03-24,2380,15027
overview,United Kingdom,K02000001,2020-03-23,2327,12647
overview,United Kingdom,K02000001,2020-03-22,1377,10320
overview,United Kingdom,K02000001,2020-03-21,1194,8943
overview,United Kingdom,K02000001,2020-03-20,1254,7749
overview,United Kingdom,K02000001,2020-03-19,1052,6495
overview,United Kingdom,K02000001,2020-03-18,998,5443
overview,United Kingdom,K02000001,2020-03-17,769,4445
overview,United Kingdom,K02000001,2020-03-16,611,3676
overview,United Kingdom,K02000001,2020-03-15,442,3065
overview,United Kingdom,K02000001,2020-03-14,363,2623
overview,United Kingdom,K02000001,2020-03-13,479,2260
overview,United Kingdom,K02000001,2020-03-12,481,1781
overview,United Kingdom,K02000001,2020-03-11,405,1300
overview,United Kingdom,K02000001,2020-03-10,265,895
overview,United Kingdom,K02000001,2020-03-09,147,630
overview,United Kingdom,K02000001,2020-03-08,57,483
overview,United Kingdom,K02000001,2020-03-07,68,426
overview,United Kingdom,K02000001,2020-03-06,81,358
overview,United Kingdom,K02000001,2020-03-05,50,277
overview,United Kingdom,K02000001,2020-03-04,56,227
overview,United Kingdom,K02000001,2020-03-03,57,171
overview,United Kingdom,K02000001,2020-03-02,39,114
overview,United Kingdom,K02000001,2020-03-01,22,75
overview,United Kingdom,K02000001,2020-02-29,5,53
overview,United Kingdom,K02000001,2020-02-28,12,48
overview,United Kingdom,K02000001,2020-02-27,8,34
overview,United Kingdom,K02000001,2020-02-26,4,26
overview,United Kingdom,K02000001,2020-02-25,5,22
overview,United Kingdom,K02000001,2020-02-24,2,17
overview,United Kingdom,K02000001,2020-02-23,1,15
overview,United Kingdom,K02000001,2020-02-22,0,14
overview,United Kingdom,K02000001,2020-02-21,1,14
overview,United Kingdom,K02000001,2020-02-20,0,13
overview,United Kingdom,K02000001,2020-02-19,0,13
overview,United Kingdom,K02000001,2020-02-18,0,13
overview,United Kingdom,K02000001,2020-02-17,0,13
overview,United Kingdom,K02000001,2020-02-16,0,13
overview,United Kingdom,K02000001,2020-02-15,0,13
overview,United Kingdom,K02000001,2020-02-14,0,13
overview,United Kingdom,K02000001,2020-02-13,0,13
overview,United Kingdom,K02000001,2020-02-12,0,13
overview,United Kingdom,K02000001,2020-02-11,1,13
overview,United Kingdom,K02000001,2020-02-10,0,12
overview,United Kingdom,K02000001,2020-02-09,1,12
overview,United Kingdom,K02000001,2020-02-08,4,11
overview,United Kingdom,K02000001,2020-02-07,0,7
overview,United Kingdom,K02000001,2020-02-06,0,7
overview,United Kingdom,K02000001,2020-02-05,1,7
overview,United Kingdom,K02000001,2020-02-04,0,6
overview,United Kingdom,K02000001,2020-02-03,0,6
overview,United Kingdom,K02000001,2020-02-02,1,6
overview,United Kingdom,K02000001,2020-02-01,1,5
overview,United Kingdom,K02000001,2020-01-31,2,4
overview,United Kingdom,K02000001,2020-01-30,2,2
